# Observed SubIndustry codes in cleaned Task 2 data
# Total observed: 428 of 450

1011001001
1011001002
1011001003
1011001004
1012001001
1012001002
1012001003
1012001004
1012001005
1012001006
1012001099
1013001001
1013001002
1013001003
1013001004
1013001099
1013002001
1013002002
1013002003
1013002004
1013002005
1013002006
1013002007
1013002008
1013002009
1013002010
1013002011
1014001001
1014001002
1014001003
1014001004
1014001005
1014001006
1014001007
1014001008
1014002001
1014002002
1014002003
1015001001
1015001002
1015002001
1015002002
1015002003
1015003001
1015003002
1015003003
1015003099
1015004001
1015004002
1015005001
1015005002
1015006001
1015006002
1016001001
1016002001
1016002002
1016002003
1016002004
1020001001
1020001002
1020002001
1020002002
1020002003
1020002004
1020003001
1020003002
1020003003
1020003004
1020004002
1020004003
1020004099
1022001001
1022001002
1022001003
1022001004
1022001005
1022001006
1022001007
1023001001
1023001002
1024001001
1024001002
1024001003
1024001099
1024002001
1024002003
1024003001
1024003002
1024003003
1025001001
1025001002
1025001003
1025001004
1025001005
1025001099
1026001001
1026001002
1027001001
1028001001
1028002001
1028003001
1028003002
1028003099
1028004001
1028005001
1028005002
1028006001
1028006002
1028006003
1028006004
1028006005
1028006006
1028006007
1028006008
1028006009
1028006099
1029001001
1029001002
1029002001
1029002002
1029002003
1029002099
1029003001
1029004001
1029004002
1029005001
1029005002
1031001001
1031001002
1031001003
1031001004
1031001005
1031001099
1032001001
1032001002
1032001003
1032001099
1032002001
1032002002
1032002099
1032003001
1033001001
1033001002
1033002001
1033002002
1033002003
1034001001
1034001002
1034002001
1034002002
1034002003
1034002004
1034003001
1034004001
1034004002
1034004099
1034005001
1034006001
1035001001
1035002001
1035002002
1036001001
1036001002
1036001003
1041001001
1041001002
1041002001
1041002002
1041002003
1041003001
1042001001
1042001099
1042002001
1042003001
1042004001
1042005001
1042005002
1042006001
1042006002
1042007001
1042008001
1042008002
1042008003
1042008099
1042009001
2051001001
2051002001
2051002002
2052001001
2052001002
2052501001
2052501002
2052501099
2052502001
2052502002
2052502003
2052502004
2052503001
2052503002
2052504001
2052504002
2052504003
2054001001
2054001002
2055001001
2055002001
2055003001
2056001001
2056001002
2061001001
2061001002
2061001003
2061001004
2062001001
2062002001
2063001001
2064501001
2064501002
2064501003
2064501004
2064502001
2064503001
2064503002
2064503003
2064503004
2064503099
2065001001
2065001002
2065002001
2065002002
2065002003
2066001001
2066001002
2067001001
2067001002
2067001099
2071001001
2071001002
2071001003
2071001004
2071002001
2071002002
2071002003
2071002004
2071002005
2071002006
2071002007
2071002008
2071002009
2071002010
2071002011
2071002012
2071002013
2072001001
2072001002
2072001003
2072001004
2072002001
2072002002
2072002003
2072002004
2072002005
2072002006
2072002007
2072003001
2072003002
2072003003
2072004001
3081001001
3081001002
3082001001
3082001002
3082001003
3082002001
3082002002
3082003001
3082003002
3082004001
3082004002
3082004003
3082004004
3082004005
3082004006
3082004007
3083001001
3083001002
3083002001
3091001001
3091001002
3091002001
3091002002
3091003001
3091004001
3091004002
3091004003
3091004005
3091005001
3091005002
3091006001
3091006002
3092001001
3092002001
3101001001
3101001002
3101001004
3101001005
3101001006
3102001001
3102001002
3102001003
3102001004
3102001005
3102001099
3102002001
3102002002
3102003001
3102003002
3102003003
3102003004
3102003005
3102003099
3102004001
3102004003
3102005001
3102005002
3103001001
3104001001
3104001002
3104001003
3104001007
3104001008
3104001009
3104001010
3104001099
3104002001
3104002002
3104003001
3104003002
3104003004
3104003005
3104003099
3105001001
3105001002
3105001003
3105001004
3105001005
3106001001
3106001002
3107001001
3107001002
3107002001
3107002002
3107002003
3107002004
3107002005
3107002006
3107002007
3107002008
3107002098
3107002099
3107003001
3107004001
3107004002
3107004003
3107005001
3107006001
3107006002
3107006003
3107006004
3107006005
3107006099
3108001001
3108001002
3108001099
3108002001
3108002002
3108003001
3108003002
3108003003
3108003004
3108003005
3108003006
3108004001
3108004002
3108004003
3108004004
3108004005
3108004006
3108004007
3108004008
3108005001
3108006001
3108006002
3109001001
3109001002
3109001004
3109001005
3109001006
3109001007
3111001001
3111001002
3111001003
3111001099
3111002001
3111002002
3111002003
3111002004
3111002005
3111003001
3111003002
3111003003
3111003004
3111003005
3111003006
3111003099
3112001001
3112001002
3112002001
3112003001
3112004001
3112004002
3112005001
3112005002
3112006001
3113001001
3113002001
3113002002
3113003001
